-0.415, -0.815,
-0.325, -0.82,
-0.355, -0.885,
-0.415, -0.82,
-0.325, -0.825,
-0.42, -0.67,
-0.425, -0.67,
-0.215, -0.735,
-0.32, -0.82,
-0.42, -0.665,
-0.35, -0.545,
-0.345, -0.545,
-0.335, -0.675,
-0.335, -0.67,
-0.335, -0.59,
-0.335, -0.59,
-0.215, -0.725,
-0.33, -0.585,
-0.14, -0.82,
-0.135, -0.59,
-0.14, -0.815,
-0.125, -0.705,
-0.04, -0.72,
-0.125, -0.82,
-0.04, -0.735,
0.02, -0.82,
-0.71, -0.215,
-0.62, -0.2,
-0.705, -0.1,
-0.7, -0.095,
-0.55, -0.085,
-0.55, -0.085,
-0.61, -0.18,
-0.7, -0.085,
-0.595, 0.155,
-0.545, -0.075,
-0.545, -0.075,
-0.58, 0.15,
-0.415, 0.03,
-0.415, 0.03,
-0.535, -0.05,
-0.585, 0.17,
-0.445, 0.29,
-0.445, 0.295,
-0.39, 0.195,
-0.585, 0.17,
-0.395, 0.19,
-0.41, 0.03,
-0.385, 0.19,
-0.44, 0.295,
-0.29, 0.315,
-0.29, 0.315,
-0.26, 0.295,
-0.385, 0.2,
-0.385, 0.2,
-0.275, 0.28,
-0.245, 0.18,
-0.245, 0.18,
-0.265, 0.275,
-0.18, 0.19,
-0.18, 0.195,
-0.395, -0.025,
-0.39, 0.13,
0, 0.225,
-0.395, -0.035,
-0.005, 0.22,
0, 0.14,
0, 0.14,
0.005, 0.215,
0.005, 0.215,
0.38, -0.005,
-0.41, -0.36,
-0.375, -0.065,
-0.3, -0.32,
-0.315, -0.57,
-0.405, -0.375,
-0.235, -0.48,
-0.225, -0.475,
-0.405, -0.35,
-0.405, -0.35,
-0.13, -0.315,
-0.24, -0.47,
-0.13, -0.335,
-0.07, -0.4,
-0.235, -0.47,
-0.235, -0.475,
-0.075, -0.41,
-0.075, -0.41,
-0.125, -0.54,
-0.125, -0.54,
-0.12, -0.555,
-0.12, -0.555,
0.01, -0.5,
0.015, -0.605,
0.015, -0.605,
0.015, -0.49,
0.015, -0.485,
0.16, -0.54,
0.02, -0.61,
0.02, -0.61,
-0.07, -0.4,
0.01, -0.335,
0.01, -0.335,
0.005, -0.47,
0.005, -0.47,
0.015, -0.34,
0.015, -0.34,
0.1, -0.395,
0.015, -0.485,
0.035, -0.31,
0.12, -0.22,
0.15, -0.31,
0.155, -0.31,
0.165, -0.305,
0.23, -0.25,
0.23, -0.245,
0.295, -0.325,
0.295, -0.325,
0.12, -0.4,
0.165, -0.315,
0.255, -0.465,
0.025, -0.81,
0.025, -0.62,
0.02, -0.62,
0.16, -0.57,
0.16, -0.57,
0.175, -0.81,
0.175, -0.81,
0.095, -0.725,
0.095, -0.72,
0.185, -0.7,
0.175, -0.785,
0.19, -0.575,
0.375, -0.58,
0.375, -0.58,
0.275, -0.72,
0.275, -0.72,
0.475, -0.64,
0.475, -0.64,
0.385, -0.795,
0.41, -0.855,
0.38, -0.795,
0.475, -0.795,
0.475, -0.795,
0.385, -0.79,
0.385, -0.79,
0.475, -0.665,
0.265, -0.46,
0.32, -0.325,
0.375, -0.56,
0.375, -0.555,
-0.095, 0.22,
-0.095, 0.22,
-0.115, 0.27,
0, 0.23,
0, 0.23,
-0.05, 0.27,
-0.055, 0.27,
-0.005, 0.34,
-0.005, 0.25,
0, 0.26,
0, 0.35,
0.065, 0.275,
0.065, 0.275,
0.065, 0.275,
0.015, 0.35,
0.125, 0.295,
0.12, 0.305,
0.055, 0.335,
0.055, 0.335,
0.16, 0.415,
0.16, 0.415,
0, 0.36,
-0.005, 0.53,
-0.005, 0.53,
0.15, 0.45,
0, 0.54,
0, 0.54,
-0.005, 0.58,
0.1, 0.51,
0.09, 0.485,
-0.095, 0.475,
-0.095, 0.475,
-0.01, 0.535,
-0.09, 0.505,
-0.145, 0.43,
-0.145, 0.425,
-0.145, 0.425,
-0.075, 0.35,
-0.075, 0.35,
-0.015, 0.52,
0.385, 0,
0.385, 0,
0.02, 0.23,
0.38, 0.125,
0.38, 0.125,
0.44, 0.14,
0.44, 0.14,
0.245, 0.18,
0.28, 0.31,
0.24, 0.18,
0.24, 0.18,
0.19, 0.195,
0.19, 0.195,
0.28, 0.315,
0.28, 0.315,
0.295, 0.325,
0.45, 0.335,
0.39, 0.225,
0.39, 0.225,
0.39, 0.225,
0.45, 0.335,
0.45, 0.335,
0.615, 0.195,
0.615, 0.195,
0.615, 0.195,
0.565, -0.05,
0.565, -0.05,
0.72, -0.04,
0.72, -0.045,
0.72, -0.065,
0.645, -0.155,
0.645, -0.155,
0.735, -0.17,
0.645, -0.15,
0.645, -0.15,
0.57, -0.055,
0.7, -0.055,
0.565, -0.04,
0.41, 0.055,
0.41, 0.055,
0.44, 0.14,
0.405, 0.21,
0.61, 0.195,
0.61, 0.195,
0.565, -0.025,
0.565, -0.025,
0.165, 0.075,
0.13, 0.015,
0.13, 0.01,
0.25, 0.03,
0.25, 0.03,
0.29, 0.025,
0.2, -0.09,
0.2, -0.09,
0.385, -0.03,
0.4, -0.045,
0.4, -0.045,
0.34, -0.315,
0.445, -0.32,
0.445, -0.32,
0.335, -0.335,
0.38, -0.545,
0.38, -0.545,
0.445, -0.325,
0.445, -0.325,
-0.085, -0.2,
-0.085, -0.2,
0, -0.135,
0, -0.135,
0, -0.295,
0.005, -0.295,
0.01, -0.135,
0.12, -0.2,
0, -0.3,
0.005, 0.015,
-0.06, 0.02,
-0.06, 0.02,
0, -0.09,
0, -0.09,
0.005, 0.015,
0.08, 0.015,
0, -0.09,
0, -0.09,
0.02, -0.095,
0.015, -0.095,
0.035, -0.11,
0.1, 0.005,
0.17, -0.09,
0.17, -0.09,
0.175, -0.115,
0.125, -0.205,
0.125, -0.205,
0.245, -0.215,
0.04, -0.14,
0.035, -0.14,
0.11, -0.18,
0.11, -0.185,
0.165, -0.125,
-0.155, -0.115,
-0.2, -0.21,
-0.2, -0.21,
-0.1, -0.205,
-0.1, -0.205,
-0.215, -0.24,
-0.255, -0.32,
-0.255, -0.32,
-0.15, -0.32,
-0.1, -0.3,
-0.09, -0.23,
-0.005, -0.295,
0.12, -0.425,
0.12, -0.425,
0.16, -0.515,
-0.135, 0.07,
-0.12, 0.015,
-0.12, 0.015,
-0.01, 0.135,
-0.23, 0.03,
-0.23, 0.03,
-0.13, 0.02,
-0.13, 0.02,
-0.265, 0.01,
-0.375, -0.04,
-0.375, -0.04,
-0.165, -0.105,
0.19, -0.11,
0.385, -0.05,
0.385, -0.05,
0.335, -0.285,
0.335, -0.285,
0.385, -0.535,
0.45, -0.34,
0.45, -0.34,
0.335, -0.33,
0.335, -0.33,
