-0.315, -0.83,
-0.345, -0.875,
-0.41, -0.83,

-0.22, -0.74,
-0.415, -0.665,
-0.31, -0.825,

-0.42, -0.81,
-0.42, -0.665,
-0.32, -0.81,

-0.42, -0.655,
-0.345, -0.545,
-0.335, -0.68,

-0.22, -0.735,
-0.33, -0.68,
-0.33, -0.585,

-0.135, -0.815,
-0.325, -0.585,
-0.13, -0.58,

-0.125, -0.815,
-0.125, -0.705,
-0.04, -0.72,

0.025, -0.82,
-0.115, -0.815,
-0.03, -0.73,

0.025, -0.82,
-0.12, -0.575,
0.02, -0.635,

0.02, -0.635,
0.165, -0.565,
0.025, -0.81,

-0.325, -0.565,
-0.23, -0.485,
-0.12, -0.56,

-0.32, -0.56,
-0.41, -0.38,
-0.23, -0.475,

-0.225, -0.465,
-0.125, -0.33,
-0.07, -0.405,

-0.21, -0.48,
-0.08, -0.405,
-0.115, -0.53,

-0.115, -0.545,
-0.065, -0.41,
0.015, -0.485,

0.015, -0.635,
-0.105, -0.57,
0.02, -0.495,

0.025, -0.5,
0.025, -0.625,
0.155, -0.57,

0.16, -0.575,
0.035, -0.815,
0.025, -0.625,

0.095, -0.715,
0.165, -0.81,
0.17, -0.7,

0.17, -0.8,
0.185, -0.58,
0.36, -0.575,

-0.105, -0.81,
-0.035, -0.735,
0.02, -0.82,

0.03, -0.815,
0.085, -0.745,
0.17, -0.81,

0.28, -0.725,
0.475, -0.64,
0.38, -0.795,

0.38, -0.8,
0.405, -0.855,
0.475, -0.81,

0.475, -0.815,
0.385, -0.795,
0.475, -0.65,

0.38, -0.66,
0.275, -0.71,
0.38, -0.575,

0.38, -0.655,
0.475, -0.64,
0.4, -0.535,

0.38, -0.55,
0.325, -0.335,
0.265, -0.475,

0.34, -0.335,
0.45, -0.345,
0.375, -0.54,

0.45, -0.335,
0.34, -0.33,
0.405, -0.045,

0.41, -0.03,
0.19, -0.1,
0.275, 0.025,

0.39, 0,
0.39, 0.135,
0.015, 0.225,

0.395, 0.14,
0.395, 0.085,
0.44, 0.12,

0.4, 0.065,
0.45, 0.125,
0.555, -0.035,

0.62, 0.16,
0.57, -0.04,
0.72, -0.045,

0.565, -0.05,
0.715, -0.06,
0.645, -0.145,

0.715, -0.06,
0.645, -0.16,
0.74, -0.17,

0.415, 0.215,
0.45, 0.325,
0.295, 0.325,

0.29, 0.315,
0.255, 0.185,
0.195, 0.195,

0.295, 0.32,
0.255, 0.19,
0.445, 0.14,

0.41, 0.205,
0.61, 0.175,
0.565, -0.045,

0.4, 0.225,
0.45, 0.335,
0.3, 0.335,

0.01, 0.145,
0.01, 0.215,
0.36, 0,

0.02, 0.13,
0.15, 0.075,
0.115, 0,

0.155, 0.08,
0.13, 0.015,
0.265, 0.03,

0.27, 0.035,
0.125, -0.005,
0.19, -0.1,

0.1, 0.005,
0.035, -0.105,
0.155, -0.105,

0.17, -0.12,
0.135, -0.19,
0.24, -0.21,

0.24, -0.22,
0.165, -0.31,
0.32, -0.315,

0.17, -0.325,
0.13, -0.4,
0.255, -0.465,

0.17, -0.54,
0.09, 0.01,
0.03, -0.1,

-0.065, 0.015,
-0.005, -0.1,
0.01, 0.015,

-0.095, 0.005,
0.01, 0.13,
-0.13, 0.08,

-0.135, 0.065,
-0.24, 0.03,
-0.115, -0.01,

-0.375, -0.025,
0, 0.22,
0, 0.14,

-0.385, -0.015,
-0.38, 0.125,
-0.02, 0.22,

-0.245, 0.015,
-0.165, -0.09,
-0.11, -0.01,

-0.255, 0.01,
-0.375, -0.04,
-0.165, -0.1,

-0.37, -0.065,
-0.29, -0.325,
-0.415, -0.36,

-0.275, -0.335,
-0.21, -0.245,
-0.13, -0.315,

-0.195, -0.21,
-0.145, -0.125,
-0.1, -0.215,

-0.14, -0.125,
-0.005, -0.125,
-0.11, -0.21,

-0.09, -0.215,
-0.12, -0.305,
-0.01, -0.315,

0.13, -0.205,
0.03, -0.31,
0.15, -0.31,

0.005, -0.135,
-0.095, -0.2,
0, -0.295,

0.02, -0.15,
0.015, -0.29,
0.125, -0.205,

-0.165, -0.13,
-0.36, -0.065,
-0.28, -0.305,

-0.535, -0.085,
-0.615, -0.185,
-0.685, -0.095,

-0.685, -0.095,
-0.71, -0.215,
-0.625, -0.19,

-0.44, 0.3,
-0.58, 0.175,
-0.395, 0.19,

-0.45, 0.31,
-0.3, 0.305,
-0.39, 0.2,
-0.39, 0.2,

-0.3, 0.305,
-0.27, 0.285,
-0.38, 0.2,

-0.27, 0.28,
-0.385, 0.195,
-0.245, 0.18,

-0.27, 0.275,
-0.25, 0.18,
-0.185, 0.195,

-0.395, 0.175,
-0.57, 0.155,
-0.4, 0.035,

-0.57, 0.155,
-0.535, -0.055,
-0.41, 0.02,

-0.595, 0.155,
-0.69, -0.07,
-0.54, -0.07,

-0.135, 0.4,
-0.135, 0.4,
-0.085, 0.34,
-0.12, 0.285,

-0.11, 0.295,
-0.03, 0.35,
-0.03, 0.35,
-0.05, 0.275,

-0.115, 0.265,
-0.11, 0.21,
-0.005, 0.23,

-0.05, 0.275,
0, 0.345,
0, 0.255,

0.02, 0.335,
0.05, 0.275,
0.01, 0.25,

0.07, 0.27,
0.13, 0.285,
0.03, 0.34,

0.06, 0.345,
0.155, 0.41,
0.14, 0.295,

0.005, 0.52,
0.01, 0.355,
0.155, 0.42,

0.145, 0.45,
0.1, 0.51,
0.015, 0.51,

0, 0.565,
0, 0.53,
0.09, 0.52,

-0.01, 0.53,
-0.095, 0.505,
-0.165, 0.42,

-0.095, 0.52,
0, 0.58,
0, 0.54,

-0.14, 0.395,
-0.125, 0.31,
-0.06, 0.335,
